[DEBUG] Training Batch 0: Batch size: 2
[DEBUG] Batch 0 data type: <class 'list'>
[DEBUG] Element 0 type: <class 'int'>
[DEBUG] Element 0 is of unrecognized type: <class 'int'>
[DEBUG] Element 1 type: <class 'list'>
[DEBUG] Element 1 is a list with length: 2
[DEBUG] First 3 elements of list element 1: [tensor([[[[[0.1647, 0.1647, 0.1647,  ..., 0.1647, 0.1725, 0.1765],
           [0.1725, 0.1725, 0.1725,  ..., 0.1686, 0.1725, 0.1765],
           [0.1765, 0.1765, 0.1765,  ..., 0.1765, 0.1765, 0.1765],
           ...,
           [0.1294, 0.1294, 0.1294,  ..., 0.1176, 0.1490, 0.1216],
           [0.1216, 0.1216, 0.1255,  ..., 0.1255, 0.1412, 0.1255],
           [0.1059, 0.1176, 0.1412,  ..., 0.1098, 0.1216, 0.1294]],

          [[0.1569, 0.1569, 0.1569,  ..., 0.1686, 0.1765, 0.1804],
           [0.1647, 0.1647, 0.1647,  ..., 0.1725, 0.1765, 0.1804],
           [0.1686, 0.1686, 0.1686,  ..., 0.1804, 0.1804, 0.1804],
           ...,
           [0.1529, 0.1529, 0.1529,  ..., 0.1686, 0.1961, 0.1686],
           [0.1529, 0.1529, 0.1569,  ..., 0.1765, 0.1882, 0.1725],
           [0.1412, 0.1529, 0.1765,  ..., 0.1608, 0.1686, 0.1765]],

          [[0.2706, 0.2706, 0.2706,  ..., 0.2784, 0.2863, 0.2902],
           [0.2784, 0.2784, 0.2784,  ..., 0.2824, 0.2863, 0.2902],
           [0.2824, 0.2824, 0.2824,  ..., 0.2902, 0.2902, 0.2902],
           ...,
           [0.2667, 0.2667, 0.2667,  ..., 0.3176, 0.3373, 0.3098],
           [0.2706, 0.2706, 0.2745,  ..., 0.3255, 0.3294, 0.3137],
           [0.2706, 0.2824, 0.3059,  ..., 0.3098, 0.3098, 0.3176]]],


         [[[0.1647, 0.1608, 0.1569,  ..., 0.1647, 0.1647, 0.1647],
           [0.1804, 0.1765, 0.1725,  ..., 0.1686, 0.1686, 0.1686],
           [0.1843, 0.1804, 0.1765,  ..., 0.1765, 0.1765, 0.1686],
           ...,
           [0.1255, 0.1294, 0.1294,  ..., 0.1255, 0.1412, 0.1216],
           [0.1137, 0.1137, 0.1137,  ..., 0.1255, 0.1373, 0.1255],
           [0.1020, 0.1176, 0.1333,  ..., 0.1255, 0.1294, 0.1255]],

          [[0.1569, 0.1529, 0.1490,  ..., 0.1686, 0.1686, 0.1686],
           [0.1725, 0.1686, 0.1647,  ..., 0.1725, 0.1725, 0.1725],
           [0.1765, 0.1725, 0.1686,  ..., 0.1804, 0.1804, 0.1725],
           ...,
           [0.1451, 0.1490, 0.1490,  ..., 0.1804, 0.1882, 0.1686],
           [0.1412, 0.1490, 0.1490,  ..., 0.1804, 0.1843, 0.1725],
           [0.1373, 0.1529, 0.1765,  ..., 0.1804, 0.1765, 0.1725]],

          [[0.2745, 0.2706, 0.2667,  ..., 0.2706, 0.2706, 0.2706],
           [0.2902, 0.2863, 0.2824,  ..., 0.2745, 0.2745, 0.2745],
           [0.2902, 0.2863, 0.2824,  ..., 0.2902, 0.2902, 0.2824],
           ...,
           [0.2667, 0.2706, 0.2706,  ..., 0.3216, 0.3294, 0.3020],
           [0.2706, 0.2784, 0.2784,  ..., 0.3216, 0.3255, 0.3059],
           [0.2706, 0.2863, 0.3020,  ..., 0.3216, 0.3176, 0.3059]]],


         [[[0.1529, 0.1529, 0.1647,  ..., 0.1608, 0.1647, 0.1647],
           [0.1647, 0.1686, 0.1765,  ..., 0.1686, 0.1725, 0.1765],
           [0.1765, 0.1765, 0.1804,  ..., 0.1765, 0.1804, 0.1804],
           ...,
           [0.1333, 0.1373, 0.1373,  ..., 0.1176, 0.1412, 0.1333],
           [0.1059, 0.1098, 0.1216,  ..., 0.1137, 0.1373, 0.1255],
           [0.1098, 0.1176, 0.1333,  ..., 0.1176, 0.1373, 0.1255]],

          [[0.1647, 0.1647, 0.1647,  ..., 0.1647, 0.1686, 0.1686],
           [0.1765, 0.1804, 0.1765,  ..., 0.1725, 0.1765, 0.1804],
           [0.1765, 0.1765, 0.1804,  ..., 0.1765, 0.1804, 0.1804],
           ...,
           [0.1569, 0.1608, 0.1608,  ..., 0.1686, 0.1765, 0.1686],
           [0.1412, 0.1451, 0.1529,  ..., 0.1647, 0.1725, 0.1647],
           [0.1490, 0.1569, 0.1686,  ..., 0.1725, 0.1725, 0.1647]],

          [[0.2471, 0.2471, 0.2588,  ..., 0.2745, 0.2784, 0.2784],
           [0.2588, 0.2627, 0.2706,  ..., 0.2824, 0.2863, 0.2902],
           [0.2706, 0.2706, 0.2745,  ..., 0.2941, 0.2980, 0.2980],
           ...,
           [0.2706, 0.2745, 0.2745,  ..., 0.3176, 0.3216, 0.3137],
           [0.2706, 0.2745, 0.2706,  ..., 0.3137, 0.3176, 0.2980],
           [0.2824, 0.2902, 0.2980,  ..., 0.3137, 0.3176, 0.2980]]],


         [[[0.1529, 0.1529, 0.1569,  ..., 0.1608, 0.1725, 0.1765],
           [0.1647, 0.1686, 0.1765,  ..., 0.1608, 0.1725, 0.1725],
           [0.1725, 0.1765, 0.1804,  ..., 0.1686, 0.1686, 0.1686],
           ...,
           [0.1373, 0.1333, 0.1294,  ..., 0.1294, 0.1333, 0.1020],
           [0.1294, 0.1176, 0.1216,  ..., 0.1137, 0.1333, 0.1216],
           [0.1176, 0.1216, 0.1373,  ..., 0.1216, 0.1412, 0.1176]],

          [[0.1529, 0.1529, 0.1490,  ..., 0.1686, 0.1725, 0.1765],
           [0.1647, 0.1686, 0.1686,  ..., 0.1686, 0.1725, 0.1725],
           [0.1647, 0.1686, 0.1725,  ..., 0.1765, 0.1765, 0.1765],
           ...,
           [0.1490, 0.1529, 0.1490,  ..., 0.1804, 0.1882, 0.1608],
           [0.1490, 0.1451, 0.1490,  ..., 0.1647, 0.1804, 0.1686],
           [0.1412, 0.1451, 0.1725,  ..., 0.1725, 0.1882, 0.1647]],

          [[0.2706, 0.2706, 0.2667,  ..., 0.2863, 0.2902, 0.2941],
           [0.2824, 0.2863, 0.2863,  ..., 0.2863, 0.2902, 0.2902],
           [0.2784, 0.2824, 0.2863,  ..., 0.2941, 0.2941, 0.2941],
           ...,
           [0.2706, 0.2745, 0.2706,  ..., 0.3294, 0.3294, 0.2902],
           [0.2784, 0.2745, 0.2784,  ..., 0.3137, 0.3216, 0.3098],
           [0.2784, 0.2824, 0.3020,  ..., 0.3216, 0.3294, 0.3059]]]],



        [[[[0.1373, 0.1686, 0.1647,  ..., 0.1882, 0.1922, 0.1961],
           [0.2510, 0.1608, 0.1725,  ..., 0.1961, 0.1961, 0.2000],
           [0.4196, 0.3255, 0.1647,  ..., 0.1961, 0.1961, 0.2000],
           ...,
           [0.0706, 0.0706, 0.0706,  ..., 0.0706, 0.0667, 0.0667],
           [0.0627, 0.0667, 0.0706,  ..., 0.0784, 0.0745, 0.0745],
           [0.0667, 0.0706, 0.0745,  ..., 0.0784, 0.0784, 0.0784]],

          [[0.1451, 0.1765, 0.1725,  ..., 0.1804, 0.1843, 0.1882],
           [0.2588, 0.1686, 0.1804,  ..., 0.1882, 0.1882, 0.1922],
           [0.4235, 0.3294, 0.1686,  ..., 0.1882, 0.1882, 0.1922],
           ...,
           [0.0627, 0.0627, 0.0588,  ..., 0.0627, 0.0588, 0.0588],
           [0.0510, 0.0549, 0.0588,  ..., 0.0627, 0.0588, 0.0588],
           [0.0549, 0.0588, 0.0627,  ..., 0.0627, 0.0627, 0.0627]],

          [[0.2392, 0.2706, 0.2667,  ..., 0.2941, 0.2980, 0.3020],
           [0.3529, 0.2627, 0.2745,  ..., 0.3020, 0.3020, 0.3059],
           [0.5255, 0.4314, 0.2706,  ..., 0.3020, 0.3020, 0.3059],
           ...,
           [0.1490, 0.1490, 0.1569,  ..., 0.1765, 0.1725, 0.1725],
           [0.1490, 0.1529, 0.1569,  ..., 0.1765, 0.1725, 0.1725],
           [0.1529, 0.1569, 0.1608,  ..., 0.1765, 0.1765, 0.1765]]],


         [[[0.1294, 0.1647, 0.1569,  ..., 0.1843, 0.1882, 0.1882],
           [0.2314, 0.1412, 0.1569,  ..., 0.1922, 0.1922, 0.1922],
           [0.4078, 0.3176, 0.1647,  ..., 0.2000, 0.1961, 0.1922],
           ...,
           [0.0667, 0.0706, 0.0745,  ..., 0.0706, 0.0706, 0.0667],
           [0.0627, 0.0667, 0.0706,  ..., 0.0706, 0.0706, 0.0667],
           [0.0588, 0.0627, 0.0706,  ..., 0.0784, 0.0706, 0.0667]],

          [[0.1451, 0.1804, 0.1725,  ..., 0.1843, 0.1882, 0.1882],
           [0.2471, 0.1569, 0.1725,  ..., 0.1922, 0.1922, 0.1922],
           [0.4235, 0.3333, 0.1804,  ..., 0.2000, 0.1961, 0.1922],
           ...,
           [0.0588, 0.0627, 0.0667,  ..., 0.0627, 0.0627, 0.0588],
           [0.0549, 0.0588, 0.0627,  ..., 0.0627, 0.0627, 0.0588],
           [0.0510, 0.0549, 0.0627,  ..., 0.0706, 0.0627, 0.0588]],

          [[0.2392, 0.2745, 0.2667,  ..., 0.2784, 0.2824, 0.2824],
           [0.3412, 0.2510, 0.2667,  ..., 0.2863, 0.2863, 0.2863],
           [0.5176, 0.4275, 0.2745,  ..., 0.2941, 0.2902, 0.2863],
           ...,
           [0.1451, 0.1490, 0.1529,  ..., 0.1765, 0.1765, 0.1725],
           [0.1412, 0.1451, 0.1490,  ..., 0.1765, 0.1765, 0.1725],
           [0.1373, 0.1412, 0.1490,  ..., 0.1843, 0.1765, 0.1725]]],


         [[[0.1412, 0.1804, 0.1569,  ..., 0.1882, 0.1882, 0.1765],
           [0.2275, 0.1412, 0.1765,  ..., 0.1922, 0.1922, 0.1804],
           [0.4353, 0.3255, 0.1725,  ..., 0.1961, 0.1961, 0.1804],
           ...,
           [0.0588, 0.0667, 0.0706,  ..., 0.0824, 0.0745, 0.0706],
           [0.0549, 0.0667, 0.0706,  ..., 0.0784, 0.0784, 0.0745],
           [0.0588, 0.0706, 0.0784,  ..., 0.0784, 0.0824, 0.0863]],

          [[0.1529, 0.1922, 0.1647,  ..., 0.1922, 0.1922, 0.1804],
           [0.2392, 0.1529, 0.1843,  ..., 0.1961, 0.1961, 0.1843],
           [0.4431, 0.3333, 0.1765,  ..., 0.2000, 0.2000, 0.1843],
           ...,
           [0.0510, 0.0588, 0.0627,  ..., 0.0667, 0.0588, 0.0549],
           [0.0471, 0.0588, 0.0627,  ..., 0.0627, 0.0627, 0.0588],
           [0.0510, 0.0627, 0.0706,  ..., 0.0627, 0.0667, 0.0706]],

          [[0.2353, 0.2745, 0.2588,  ..., 0.2941, 0.2941, 0.2824],
           [0.3216, 0.2353, 0.2784,  ..., 0.2980, 0.2980, 0.2863],
           [0.5373, 0.4275, 0.2784,  ..., 0.3020, 0.3020, 0.2863],
           ...,
           [0.1373, 0.1451, 0.1490,  ..., 0.1804, 0.1725, 0.1686],
           [0.1333, 0.1451, 0.1490,  ..., 0.1765, 0.1765, 0.1725],
           [0.1373, 0.1490, 0.1569,  ..., 0.1765, 0.1804, 0.1843]]],


         [[[0.1373, 0.1569, 0.1608,  ..., 0.1961, 0.1922, 0.1843],
           [0.2431, 0.1255, 0.1765,  ..., 0.2000, 0.1961, 0.1882],
           [0.4353, 0.2941, 0.1843,  ..., 0.2000, 0.1961, 0.1922],
           ...,
           [0.0627, 0.0667, 0.0706,  ..., 0.0745, 0.0706, 0.0667],
           [0.0627, 0.0667, 0.0745,  ..., 0.0745, 0.0706, 0.0667],
           [0.0667, 0.0667, 0.0706,  ..., 0.0784, 0.0706, 0.0627]],

          [[0.1529, 0.1725, 0.1647,  ..., 0.1922, 0.1882, 0.1804],
           [0.2588, 0.1412, 0.1804,  ..., 0.1961, 0.1922, 0.1843],
           [0.4510, 0.3098, 0.1882,  ..., 0.1961, 0.1922, 0.1882],
           ...,
           [0.0549, 0.0588, 0.0627,  ..., 0.0667, 0.0667, 0.0627],
           [0.0549, 0.0588, 0.0667,  ..., 0.0706, 0.0667, 0.0627],
           [0.0588, 0.0588, 0.0627,  ..., 0.0745, 0.0667, 0.0588]],

          [[0.2471, 0.2667, 0.2667,  ..., 0.2941, 0.2902, 0.2824],
           [0.3529, 0.2353, 0.2824,  ..., 0.2980, 0.2941, 0.2863],
           [0.5490, 0.4078, 0.2902,  ..., 0.2980, 0.2941, 0.2902],
           ...,
           [0.1412, 0.1451, 0.1490,  ..., 0.1804, 0.1686, 0.1647],
           [0.1412, 0.1451, 0.1529,  ..., 0.1725, 0.1686, 0.1647],
           [0.1451, 0.1451, 0.1490,  ..., 0.1765, 0.1686, 0.1608]]]]]), tensor([[[[[0.1529, 0.1529, 0.1608,  ..., 0.1647, 0.1647, 0.1765],
           [0.1647, 0.1686, 0.1765,  ..., 0.1725, 0.1686, 0.1725],
           [0.1725, 0.1765, 0.1804,  ..., 0.1804, 0.1765, 0.1686],
           ...,
           [0.1333, 0.1294, 0.1333,  ..., 0.1098, 0.1412, 0.1255],
           [0.1294, 0.1216, 0.1255,  ..., 0.1294, 0.1490, 0.1294],
           [0.1176, 0.1255, 0.1373,  ..., 0.1216, 0.1333, 0.1255]],

          [[0.1569, 0.1569, 0.1529,  ..., 0.1647, 0.1647, 0.1765],
           [0.1686, 0.1725, 0.1686,  ..., 0.1725, 0.1686, 0.1725],
           [0.1647, 0.1686, 0.1725,  ..., 0.1804, 0.1765, 0.1686],
           ...,
           [0.1490, 0.1569, 0.1569,  ..., 0.1608, 0.1882, 0.1725],
           [0.1490, 0.1529, 0.1569,  ..., 0.1804, 0.1961, 0.1765],
           [0.1490, 0.1569, 0.1765,  ..., 0.1725, 0.1804, 0.1725]],

          [[0.2667, 0.2667, 0.2667,  ..., 0.2824, 0.2824, 0.2941],
           [0.2784, 0.2824, 0.2824,  ..., 0.2902, 0.2863, 0.2902],
           [0.2784, 0.2824, 0.2863,  ..., 0.2980, 0.2941, 0.2863],
           ...,
           [0.2627, 0.2627, 0.2706,  ..., 0.3098, 0.3294, 0.3137],
           [0.2706, 0.2667, 0.2745,  ..., 0.3294, 0.3373, 0.3176],
           [0.2667, 0.2745, 0.2941,  ..., 0.3216, 0.3216, 0.3137]]],


         [[[0.1608, 0.1608, 0.1647,  ..., 0.1686, 0.1765, 0.1725],
           [0.1725, 0.1725, 0.1725,  ..., 0.1686, 0.1765, 0.1725],
           [0.1765, 0.1765, 0.1765,  ..., 0.1725, 0.1804, 0.1804],
           ...,
           [0.1216, 0.1216, 0.1137,  ..., 0.1059, 0.1373, 0.1255],
           [0.1216, 0.1216, 0.1176,  ..., 0.1137, 0.1373, 0.1176],
           [0.1176, 0.1255, 0.1412,  ..., 0.1216, 0.1412, 0.1216]],

          [[0.1529, 0.1529, 0.1569,  ..., 0.1725, 0.1686, 0.1647],
           [0.1647, 0.1647, 0.1647,  ..., 0.1725, 0.1686, 0.1647],
           [0.1686, 0.1686, 0.1686,  ..., 0.1765, 0.1725, 0.1725],
           ...,
           [0.1529, 0.1529, 0.1529,  ..., 0.1686, 0.1843, 0.1725],
           [0.1451, 0.1451, 0.1529,  ..., 0.1765, 0.1843, 0.1686],
           [0.1412, 0.1490, 0.1765,  ..., 0.1882, 0.1882, 0.1725]],

          [[0.2667, 0.2667, 0.2706,  ..., 0.2824, 0.2824, 0.2784],
           [0.2784, 0.2784, 0.2784,  ..., 0.2824, 0.2824, 0.2784],
           [0.2824, 0.2824, 0.2824,  ..., 0.2863, 0.2863, 0.2863],
           ...,
           [0.2706, 0.2706, 0.2706,  ..., 0.3098, 0.3176, 0.3059],
           [0.2824, 0.2824, 0.2824,  ..., 0.3176, 0.3176, 0.2941],
           [0.2863, 0.2941, 0.3098,  ..., 0.3176, 0.3216, 0.2980]]],


         [[[0.1686, 0.1686, 0.1686,  ..., 0.1647, 0.1647, 0.1647],
           [0.1765, 0.1804, 0.1804,  ..., 0.1725, 0.1686, 0.1686],
           [0.1725, 0.1765, 0.1765,  ..., 0.1765, 0.1765, 0.1725],
           ...,
           [0.1176, 0.1216, 0.1216,  ..., 0.1255, 0.1412, 0.1216],
           [0.1216, 0.1216, 0.1216,  ..., 0.1294, 0.1373, 0.1294],
           [0.1176, 0.1216, 0.1412,  ..., 0.1373, 0.1451, 0.1373]],

          [[0.1490, 0.1490, 0.1490,  ..., 0.1686, 0.1686, 0.1686],
           [0.1569, 0.1608, 0.1608,  ..., 0.1765, 0.1725, 0.1725],
           [0.1647, 0.1686, 0.1686,  ..., 0.1765, 0.1765, 0.1725],
           ...,
           [0.1490, 0.1529, 0.1529,  ..., 0.1804, 0.1882, 0.1686],
           [0.1529, 0.1529, 0.1529,  ..., 0.1843, 0.1843, 0.1686],
           [0.1451, 0.1490, 0.1686,  ..., 0.1922, 0.1804, 0.1765]],

          [[0.2706, 0.2706, 0.2706,  ..., 0.2784, 0.2784, 0.2784],
           [0.2784, 0.2824, 0.2824,  ..., 0.2863, 0.2824, 0.2824],
           [0.2784, 0.2824, 0.2824,  ..., 0.2941, 0.2941, 0.2902],
           ...,
           [0.2627, 0.2667, 0.2667,  ..., 0.3216, 0.3294, 0.3020],
           [0.2706, 0.2706, 0.2706,  ..., 0.3255, 0.3255, 0.3020],
           [0.2745, 0.2784, 0.2980,  ..., 0.3333, 0.3255, 0.3098]]],


         [[[0.1608, 0.1647, 0.1686,  ..., 0.1725, 0.1765, 0.1804],
           [0.1725, 0.1765, 0.1804,  ..., 0.1725, 0.1765, 0.1765],
           [0.1725, 0.1765, 0.1804,  ..., 0.1804, 0.1804, 0.1765],
           ...,
           [0.1176, 0.1255, 0.1294,  ..., 0.1176, 0.1373, 0.1176],
           [0.1176, 0.1255, 0.1294,  ..., 0.1216, 0.1373, 0.1255],
           [0.1216, 0.1255, 0.1412,  ..., 0.1216, 0.1333, 0.1294]],

          [[0.1569, 0.1608, 0.1647,  ..., 0.1765, 0.1804, 0.1843],
           [0.1686, 0.1725, 0.1765,  ..., 0.1765, 0.1804, 0.1804],
           [0.1686, 0.1725, 0.1765,  ..., 0.1843, 0.1843, 0.1804],
           ...,
           [0.1490, 0.1569, 0.1608,  ..., 0.1686, 0.1843, 0.1647],
           [0.1451, 0.1529, 0.1569,  ..., 0.1725, 0.1843, 0.1725],
           [0.1451, 0.1490, 0.1647,  ..., 0.1725, 0.1804, 0.1765]],

          [[0.2588, 0.2627, 0.2667,  ..., 0.2784, 0.2824, 0.2863],
           [0.2706, 0.2745, 0.2784,  ..., 0.2784, 0.2824, 0.2824],
           [0.2706, 0.2745, 0.2784,  ..., 0.2941, 0.2941, 0.2902],
           ...,
           [0.2667, 0.2745, 0.2784,  ..., 0.3176, 0.3255, 0.3059],
           [0.2745, 0.2824, 0.2863,  ..., 0.3216, 0.3255, 0.3137],
           [0.2824, 0.2863, 0.3020,  ..., 0.3216, 0.3216, 0.3176]]]],



        [[[[0.1373, 0.1647, 0.1529,  ..., 0.1882, 0.1922, 0.1882],
           [0.2235, 0.1216, 0.1725,  ..., 0.1961, 0.1961, 0.1922],
           [0.4314, 0.3059, 0.1725,  ..., 0.1961, 0.1961, 0.1882],
           ...,
           [0.0627, 0.0745, 0.0745,  ..., 0.0745, 0.0784, 0.0745],
           [0.0627, 0.0745, 0.0745,  ..., 0.0745, 0.0784, 0.0784],
           [0.0588, 0.0706, 0.0745,  ..., 0.0745, 0.0784, 0.0784]],

          [[0.1529, 0.1804, 0.1686,  ..., 0.1882, 0.1961, 0.1922],
           [0.2392, 0.1373, 0.1882,  ..., 0.1961, 0.2000, 0.1961],
           [0.4471, 0.3216, 0.1882,  ..., 0.1961, 0.2000, 0.1922],
           ...,
           [0.0549, 0.0667, 0.0667,  ..., 0.0588, 0.0667, 0.0627],
           [0.0549, 0.0667, 0.0667,  ..., 0.0627, 0.0667, 0.0667],
           [0.0510, 0.0627, 0.0667,  ..., 0.0627, 0.0667, 0.0667]],

          [[0.2471, 0.2745, 0.2667,  ..., 0.2824, 0.2784, 0.2745],
           [0.3333, 0.2314, 0.2863,  ..., 0.2902, 0.2824, 0.2784],
           [0.5451, 0.4196, 0.2863,  ..., 0.2902, 0.2824, 0.2745],
           ...,
           [0.1412, 0.1529, 0.1529,  ..., 0.1725, 0.1686, 0.1647],
           [0.1412, 0.1529, 0.1529,  ..., 0.1647, 0.1686, 0.1686],
           [0.1373, 0.1490, 0.1529,  ..., 0.1647, 0.1686, 0.1686]]],


         [[[0.1529, 0.1647, 0.1529,  ..., 0.1922, 0.2000, 0.2000],
           [0.2314, 0.1294, 0.1765,  ..., 0.1961, 0.2000, 0.2000],
           [0.4314, 0.3176, 0.1804,  ..., 0.1961, 0.2000, 0.1961],
           ...,
           [0.0706, 0.0706, 0.0745,  ..., 0.0784, 0.0745, 0.0706],
           [0.0667, 0.0667, 0.0706,  ..., 0.0745, 0.0706, 0.0667],
           [0.0588, 0.0667, 0.0706,  ..., 0.0745, 0.0745, 0.0706]],

          [[0.1608, 0.1725, 0.1569,  ..., 0.1922, 0.1882, 0.1882],
           [0.2392, 0.1373, 0.1804,  ..., 0.1961, 0.1882, 0.1882],
           [0.4353, 0.3216, 0.1843,  ..., 0.1922, 0.1882, 0.1843],
           ...,
           [0.0627, 0.0627, 0.0667,  ..., 0.0706, 0.0706, 0.0667],
           [0.0588, 0.0588, 0.0627,  ..., 0.0667, 0.0667, 0.0627],
           [0.0510, 0.0588, 0.0627,  ..., 0.0667, 0.0706, 0.0667]],

          [[0.2549, 0.2667, 0.2588,  ..., 0.2863, 0.2863, 0.2863],
           [0.3333, 0.2314, 0.2824,  ..., 0.2902, 0.2863, 0.2863],
           [0.5373, 0.4235, 0.2863,  ..., 0.2941, 0.2863, 0.2824],
           ...,
           [0.1490, 0.1490, 0.1529,  ..., 0.1843, 0.1725, 0.1686],
           [0.1451, 0.1451, 0.1490,  ..., 0.1804, 0.1686, 0.1647],
           [0.1373, 0.1451, 0.1490,  ..., 0.1804, 0.1725, 0.1686]]],


         [[[0.1333, 0.1608, 0.1412,  ..., 0.1843, 0.1961, 0.1922],
           [0.2353, 0.1333, 0.1686,  ..., 0.1922, 0.2039, 0.1961],
           [0.4235, 0.3059, 0.1608,  ..., 0.1961, 0.2039, 0.1961],
           ...,
           [0.0627, 0.0706, 0.0745,  ..., 0.0706, 0.0667, 0.0667],
           [0.0588, 0.0706, 0.0745,  ..., 0.0667, 0.0667, 0.0667],
           [0.0549, 0.0667, 0.0745,  ..., 0.0706, 0.0706, 0.0706]],

          [[0.1490, 0.1765, 0.1569,  ..., 0.1843, 0.1882, 0.1843],
           [0.2510, 0.1490, 0.1843,  ..., 0.1922, 0.1922, 0.1882],
           [0.4392, 0.3216, 0.1765,  ..., 0.1961, 0.1922, 0.1843],
           ...,
           [0.0510, 0.0588, 0.0627,  ..., 0.0627, 0.0627, 0.0627],
           [0.0471, 0.0588, 0.0627,  ..., 0.0588, 0.0627, 0.0627],
           [0.0431, 0.0549, 0.0627,  ..., 0.0627, 0.0667, 0.0667]],

          [[0.2431, 0.2706, 0.2549,  ..., 0.2784, 0.2745, 0.2706],
           [0.3451, 0.2431, 0.2824,  ..., 0.2863, 0.2902, 0.2745],
           [0.5373, 0.4196, 0.2745,  ..., 0.2902, 0.2902, 0.2824],
           ...,
           [0.1490, 0.1569, 0.1608,  ..., 0.1765, 0.1647, 0.1647],
           [0.1451, 0.1569, 0.1608,  ..., 0.1725, 0.1647, 0.1647],
           [0.1412, 0.1529, 0.1608,  ..., 0.1765, 0.1686, 0.1686]]],


         [[[0.1294, 0.1686, 0.1490,  ..., 0.1882, 0.2000, 0.2039],
           [0.2314, 0.1333, 0.1647,  ..., 0.1922, 0.2039, 0.2039],
           [0.4196, 0.3059, 0.1686,  ..., 0.1961, 0.2039, 0.2000],
           ...,
           [0.0667, 0.0667, 0.0706,  ..., 0.0745, 0.0667, 0.0667],
           [0.0627, 0.0706, 0.0745,  ..., 0.0745, 0.0667, 0.0706],
           [0.0627, 0.0745, 0.0824,  ..., 0.0784, 0.0667, 0.0706]],

          [[0.1451, 0.1843, 0.1647,  ..., 0.1882, 0.1882, 0.1961],
           [0.2471, 0.1490, 0.1804,  ..., 0.1882, 0.1922, 0.1961],
           [0.4353, 0.3216, 0.1843,  ..., 0.1922, 0.1922, 0.1882],
           ...,
           [0.0588, 0.0588, 0.0627,  ..., 0.0667, 0.0588, 0.0588],
           [0.0549, 0.0627, 0.0667,  ..., 0.0667, 0.0588, 0.0627],
           [0.0549, 0.0667, 0.0745,  ..., 0.0706, 0.0588, 0.0627]],

          [[0.2392, 0.2784, 0.2588,  ..., 0.2824, 0.2863, 0.2824],
           [0.3412, 0.2431, 0.2745,  ..., 0.2902, 0.2902, 0.2824],
           [0.5333, 0.4196, 0.2824,  ..., 0.2941, 0.2902, 0.2863],
           ...,
           [0.1451, 0.1451, 0.1490,  ..., 0.1804, 0.1725, 0.1725],
           [0.1412, 0.1490, 0.1529,  ..., 0.1804, 0.1725, 0.1765],
           [0.1412, 0.1529, 0.1608,  ..., 0.1843, 0.1725, 0.1765]]]]])]
[DEBUG] Training Batch 1: Batch size: 2
[DEBUG] Batch 1 data type: <class 'list'>
[DEBUG] Element 0 type: <class 'int'>
[DEBUG] Element 0 is of unrecognized type: <class 'int'>
[DEBUG] Element 1 type: <class 'list'>
[DEBUG] Element 1 is a list with length: 2
[DEBUG] First 3 elements of list element 1: [tensor([[[[[0.2196, 0.2196, 0.2078,  ..., 0.4824, 0.5373, 0.2235],
           [0.2235, 0.2275, 0.2196,  ..., 0.2863, 0.2863, 0.1412],
           [0.2118, 0.2196, 0.2235,  ..., 0.2667, 0.2431, 0.2157],
           ...,
           [0.0588, 0.0784, 0.0784,  ..., 0.0784, 0.0745, 0.0667],
           [0.0549, 0.0745, 0.0706,  ..., 0.0784, 0.0784, 0.0745],
           [0.0549, 0.0745, 0.0706,  ..., 0.0745, 0.0784, 0.0784]],

          [[0.2000, 0.2000, 0.2000,  ..., 0.4745, 0.5294, 0.2157],
           [0.2039, 0.2078, 0.2118,  ..., 0.2784, 0.2745, 0.1333],
           [0.2039, 0.2118, 0.2157,  ..., 0.2667, 0.2392, 0.2157],
           ...,
           [0.0510, 0.0706, 0.0706,  ..., 0.0627, 0.0588, 0.0510],
           [0.0471, 0.0667, 0.0627,  ..., 0.0667, 0.0588, 0.0549],
           [0.0471, 0.0667, 0.0627,  ..., 0.0627, 0.0588, 0.0588]],

          [[0.3216, 0.3216, 0.3176,  ..., 0.5608, 0.6157, 0.3020],
           [0.3255, 0.3294, 0.3294,  ..., 0.3647, 0.3725, 0.2196],
           [0.3216, 0.3294, 0.3333,  ..., 0.3608, 0.3412, 0.3098],
           ...,
           [0.1647, 0.1843, 0.1843,  ..., 0.1765, 0.1725, 0.1647],
           [0.1608, 0.1804, 0.1765,  ..., 0.1686, 0.1647, 0.1608],
           [0.1608, 0.1804, 0.1765,  ..., 0.1647, 0.1647, 0.1647]]],


         [[[0.2157, 0.2118, 0.2000,  ..., 0.4824, 0.5412, 0.2157],
           [0.2275, 0.2235, 0.2118,  ..., 0.2745, 0.2824, 0.1529],
           [0.2275, 0.2235, 0.2235,  ..., 0.2549, 0.2471, 0.2078],
           ...,
           [0.0549, 0.0784, 0.0745,  ..., 0.0706, 0.0745, 0.0667],
           [0.0627, 0.0863, 0.0863,  ..., 0.0667, 0.0745, 0.0667],
           [0.0588, 0.0863, 0.0824,  ..., 0.0784, 0.0863, 0.0824]],

          [[0.2000, 0.1961, 0.1922,  ..., 0.4745, 0.5333, 0.2078],
           [0.2118, 0.2078, 0.2039,  ..., 0.2667, 0.2706, 0.1451],
           [0.2196, 0.2157, 0.2157,  ..., 0.2549, 0.2431, 0.2078],
           ...,
           [0.0471, 0.0706, 0.0667,  ..., 0.0588, 0.0627, 0.0549],
           [0.0471, 0.0706, 0.0706,  ..., 0.0549, 0.0627, 0.0549],
           [0.0431, 0.0706, 0.0667,  ..., 0.0667, 0.0745, 0.0706]],

          [[0.3137, 0.3098, 0.3059,  ..., 0.5608, 0.6196, 0.2941],
           [0.3255, 0.3216, 0.3176,  ..., 0.3529, 0.3686, 0.2314],
           [0.3333, 0.3294, 0.3294,  ..., 0.3490, 0.3451, 0.3020],
           ...,
           [0.1608, 0.1843, 0.1804,  ..., 0.1608, 0.1647, 0.1569],
           [0.1608, 0.1843, 0.1843,  ..., 0.1569, 0.1647, 0.1569],
           [0.1569, 0.1843, 0.1804,  ..., 0.1686, 0.1765, 0.1725]]],


         [[[0.2000, 0.2039, 0.2039,  ..., 0.4706, 0.5490, 0.2078],
           [0.2157, 0.2196, 0.2196,  ..., 0.2627, 0.2980, 0.1373],
           [0.2078, 0.2118, 0.2196,  ..., 0.2471, 0.2549, 0.2235],
           ...,
           [0.0627, 0.0784, 0.0745,  ..., 0.0784, 0.0784, 0.0784],
           [0.0588, 0.0745, 0.0706,  ..., 0.0784, 0.0784, 0.0784],
           [0.0588, 0.0745, 0.0706,  ..., 0.0784, 0.0784, 0.0784]],

          [[0.1922, 0.1961, 0.1961,  ..., 0.4745, 0.5412, 0.2000],
           [0.2078, 0.2118, 0.2118,  ..., 0.2667, 0.2902, 0.1294],
           [0.2078, 0.2118, 0.2118,  ..., 0.2549, 0.2549, 0.2235],
           ...,
           [0.0627, 0.0784, 0.0706,  ..., 0.0627, 0.0627, 0.0627],
           [0.0588, 0.0745, 0.0667,  ..., 0.0627, 0.0627, 0.0627],
           [0.0588, 0.0745, 0.0667,  ..., 0.0627, 0.0627, 0.0627]],

          [[0.3059, 0.3098, 0.3098,  ..., 0.5569, 0.6275, 0.2863],
           [0.3216, 0.3255, 0.3255,  ..., 0.3490, 0.3765, 0.2157],
           [0.3255, 0.3294, 0.3294,  ..., 0.3490, 0.3490, 0.3176],
           ...,
           [0.1569, 0.1725, 0.1725,  ..., 0.1765, 0.1765, 0.1765],
           [0.1529, 0.1686, 0.1686,  ..., 0.1765, 0.1765, 0.1765],
           [0.1529, 0.1686, 0.1686,  ..., 0.1765, 0.1765, 0.1765]]],


         [[[0.2000, 0.2039, 0.2078,  ..., 0.4824, 0.5569, 0.2118],
           [0.2157, 0.2196, 0.2157,  ..., 0.2784, 0.2941, 0.1490],
           [0.2118, 0.2078, 0.2157,  ..., 0.2588, 0.2588, 0.2000],
           ...,
           [0.0745, 0.0863, 0.0902,  ..., 0.0706, 0.0745, 0.0667],
           [0.0745, 0.0863, 0.0941,  ..., 0.0667, 0.0745, 0.0706],
           [0.0706, 0.0784, 0.0863,  ..., 0.0627, 0.0745, 0.0745]],

          [[0.1961, 0.2000, 0.2000,  ..., 0.4745, 0.5451, 0.2000],
           [0.2078, 0.2118, 0.2078,  ..., 0.2706, 0.2863, 0.1412],
           [0.2118, 0.2078, 0.2078,  ..., 0.2588, 0.2588, 0.2000],
           ...,
           [0.0549, 0.0667, 0.0706,  ..., 0.0627, 0.0706, 0.0627],
           [0.0549, 0.0667, 0.0745,  ..., 0.0588, 0.0706, 0.0667],
           [0.0510, 0.0588, 0.0667,  ..., 0.0549, 0.0706, 0.0706]],

          [[0.2980, 0.3020, 0.3137,  ..., 0.5608, 0.6314, 0.2863],
           [0.3216, 0.3255, 0.3216,  ..., 0.3569, 0.3725, 0.2275],
           [0.3294, 0.3255, 0.3255,  ..., 0.3529, 0.3529, 0.2941],
           ...,
           [0.1765, 0.1882, 0.1922,  ..., 0.1765, 0.1725, 0.1647],
           [0.1765, 0.1882, 0.1961,  ..., 0.1725, 0.1725, 0.1686],
           [0.1725, 0.1804, 0.1882,  ..., 0.1686, 0.1725, 0.1725]]]],



        [[[[0.1412, 0.1412, 0.1412,  ..., 0.1843, 0.1882, 0.1882],
           [0.1451, 0.1451, 0.1451,  ..., 0.1961, 0.1922, 0.1882],
           [0.1451, 0.1451, 0.1451,  ..., 0.1804, 0.1804, 0.1725],
           ...,
           [0.0627, 0.0627, 0.0627,  ..., 0.0824, 0.0784, 0.0824],
           [0.0667, 0.0627, 0.0627,  ..., 0.0824, 0.0824, 0.0824],
           [0.0667, 0.0667, 0.0627,  ..., 0.0824, 0.0824, 0.0863]],

          [[0.1451, 0.1451, 0.1451,  ..., 0.1725, 0.1765, 0.1765],
           [0.1490, 0.1490, 0.1490,  ..., 0.1843, 0.1804, 0.1765],
           [0.1451, 0.1451, 0.1451,  ..., 0.1804, 0.1686, 0.1608],
           ...,
           [0.0549, 0.0549, 0.0549,  ..., 0.0667, 0.0627, 0.0667],
           [0.0588, 0.0549, 0.0549,  ..., 0.0667, 0.0667, 0.0667],
           [0.0588, 0.0588, 0.0549,  ..., 0.0667, 0.0667, 0.0706]],

          [[0.2235, 0.2235, 0.2235,  ..., 0.2706, 0.2784, 0.2784],
           [0.2314, 0.2314, 0.2314,  ..., 0.2824, 0.2824, 0.2784],
           [0.2392, 0.2392, 0.2392,  ..., 0.2745, 0.2667, 0.2588],
           ...,
           [0.1412, 0.1412, 0.1412,  ..., 0.1804, 0.1765, 0.1804],
           [0.1451, 0.1412, 0.1412,  ..., 0.1804, 0.1804, 0.1804],
           [0.1451, 0.1451, 0.1412,  ..., 0.1804, 0.1804, 0.1843]]],


         [[[0.1333, 0.1294, 0.1255,  ..., 0.1843, 0.1804, 0.1922],
           [0.1373, 0.1333, 0.1333,  ..., 0.1922, 0.1843, 0.1882],
           [0.1451, 0.1451, 0.1451,  ..., 0.1804, 0.1765, 0.1765],
           ...,
           [0.0588, 0.0627, 0.0627,  ..., 0.0824, 0.0824, 0.0824],
           [0.0588, 0.0627, 0.0667,  ..., 0.0824, 0.0824, 0.0784],
           [0.0549, 0.0627, 0.0627,  ..., 0.0863, 0.0863, 0.0824]],

          [[0.1490, 0.1451, 0.1373,  ..., 0.1765, 0.1725, 0.1843],
           [0.1529, 0.1490, 0.1451,  ..., 0.1843, 0.1765, 0.1804],
           [0.1490, 0.1490, 0.1490,  ..., 0.1804, 0.1765, 0.1765],
           ...,
           [0.0549, 0.0588, 0.0588,  ..., 0.0667, 0.0667, 0.0667],
           [0.0549, 0.0588, 0.0627,  ..., 0.0667, 0.0667, 0.0627],
           [0.0510, 0.0588, 0.0588,  ..., 0.0706, 0.0706, 0.0667]],

          [[0.2235, 0.2196, 0.2196,  ..., 0.2627, 0.2588, 0.2706],
           [0.2275, 0.2235, 0.2275,  ..., 0.2706, 0.2627, 0.2667],
           [0.2314, 0.2314, 0.2314,  ..., 0.2745, 0.2706, 0.2706],
           ...,
           [0.1333, 0.1373, 0.1373,  ..., 0.1804, 0.1804, 0.1804],
           [0.1333, 0.1373, 0.1412,  ..., 0.1804, 0.1804, 0.1765],
           [0.1294, 0.1373, 0.1373,  ..., 0.1843, 0.1843, 0.1804]]],


         [[[0.1412, 0.1412, 0.1412,  ..., 0.1765, 0.1765, 0.1882],
           [0.1451, 0.1451, 0.1490,  ..., 0.1843, 0.1765, 0.1804],
           [0.1412, 0.1451, 0.1490,  ..., 0.1804, 0.1725, 0.1725],
           ...,
           [0.0667, 0.0667, 0.0627,  ..., 0.0863, 0.0824, 0.0863],
           [0.0706, 0.0667, 0.0627,  ..., 0.0745, 0.0745, 0.0745],
           [0.0706, 0.0627, 0.0588,  ..., 0.0824, 0.0784, 0.0824]],

          [[0.1451, 0.1451, 0.1451,  ..., 0.1686, 0.1686, 0.1804],
           [0.1490, 0.1490, 0.1529,  ..., 0.1765, 0.1686, 0.1725],
           [0.1412, 0.1451, 0.1490,  ..., 0.1765, 0.1686, 0.1686],
           ...,
           [0.0588, 0.0588, 0.0549,  ..., 0.0706, 0.0667, 0.0706],
           [0.0627, 0.0588, 0.0549,  ..., 0.0588, 0.0588, 0.0588],
           [0.0627, 0.0549, 0.0510,  ..., 0.0667, 0.0627, 0.0667]],

          [[0.2275, 0.2275, 0.2275,  ..., 0.2824, 0.2824, 0.2941],
           [0.2314, 0.2314, 0.2353,  ..., 0.2902, 0.2824, 0.2863],
           [0.2353, 0.2392, 0.2431,  ..., 0.2784, 0.2706, 0.2706],
           ...,
           [0.1451, 0.1451, 0.1412,  ..., 0.1843, 0.1804, 0.1843],
           [0.1490, 0.1451, 0.1412,  ..., 0.1725, 0.1725, 0.1725],
           [0.1490, 0.1412, 0.1373,  ..., 0.1804, 0.1765, 0.1804]]],


         [[[0.1333, 0.1333, 0.1333,  ..., 0.1765, 0.1765, 0.1765],
           [0.1412, 0.1412, 0.1451,  ..., 0.1843, 0.1843, 0.1804],
           [0.1451, 0.1451, 0.1490,  ..., 0.1804, 0.1765, 0.1725],
           ...,
           [0.0627, 0.0627, 0.0627,  ..., 0.0784, 0.0745, 0.0706],
           [0.0627, 0.0627, 0.0667,  ..., 0.0784, 0.0745, 0.0745],
           [0.0667, 0.0667, 0.0667,  ..., 0.0784, 0.0784, 0.0784]],

          [[0.1373, 0.1373, 0.1373,  ..., 0.1765, 0.1765, 0.1765],
           [0.1451, 0.1451, 0.1490,  ..., 0.1843, 0.1843, 0.1804],
           [0.1490, 0.1490, 0.1529,  ..., 0.1765, 0.1725, 0.1686],
           ...,
           [0.0549, 0.0549, 0.0549,  ..., 0.0706, 0.0667, 0.0627],
           [0.0549, 0.0549, 0.0588,  ..., 0.0706, 0.0667, 0.0667],
           [0.0588, 0.0588, 0.0588,  ..., 0.0706, 0.0706, 0.0706]],

          [[0.2157, 0.2157, 0.2157,  ..., 0.2706, 0.2706, 0.2706],
           [0.2235, 0.2235, 0.2275,  ..., 0.2784, 0.2784, 0.2745],
           [0.2314, 0.2314, 0.2353,  ..., 0.2784, 0.2745, 0.2706],
           ...,
           [0.1412, 0.1412, 0.1412,  ..., 0.1843, 0.1804, 0.1765],
           [0.1412, 0.1412, 0.1451,  ..., 0.1843, 0.1804, 0.1804],
           [0.1451, 0.1451, 0.1451,  ..., 0.1843, 0.1843, 0.1843]]]]]), tensor([[[[[0.2039, 0.2039, 0.2078,  ..., 0.4745, 0.5490, 0.2157],
           [0.2118, 0.2118, 0.2118,  ..., 0.2627, 0.2824, 0.1529],
           [0.2196, 0.2196, 0.2196,  ..., 0.2588, 0.2392, 0.1922],
           ...,
           [0.0588, 0.0745, 0.0784,  ..., 0.0784, 0.0745, 0.0745],
           [0.0588, 0.0745, 0.0745,  ..., 0.0824, 0.0745, 0.0706],
           [0.0627, 0.0745, 0.0784,  ..., 0.0824, 0.0745, 0.0745]],

          [[0.2000, 0.2000, 0.2000,  ..., 0.4627, 0.5373, 0.2039],
           [0.2078, 0.2078, 0.2039,  ..., 0.2549, 0.2745, 0.1451],
           [0.2118, 0.2118, 0.2118,  ..., 0.2667, 0.2471, 0.2000],
           ...,
           [0.0510, 0.0667, 0.0706,  ..., 0.0667, 0.0627, 0.0627],
           [0.0549, 0.0706, 0.0706,  ..., 0.0706, 0.0627, 0.0588],
           [0.0588, 0.0706, 0.0745,  ..., 0.0706, 0.0627, 0.0627]],

          [[0.3020, 0.3020, 0.3137,  ..., 0.5490, 0.6235, 0.2902],
           [0.3098, 0.3098, 0.3176,  ..., 0.3412, 0.3608, 0.2314],
           [0.3255, 0.3255, 0.3255,  ..., 0.3608, 0.3412, 0.2941],
           ...,
           [0.1647, 0.1804, 0.1843,  ..., 0.1686, 0.1608, 0.1608],
           [0.1569, 0.1725, 0.1725,  ..., 0.1725, 0.1608, 0.1569],
           [0.1608, 0.1725, 0.1765,  ..., 0.1725, 0.1608, 0.1608]]],


         [[[0.2039, 0.2039, 0.2078,  ..., 0.4667, 0.5529, 0.2196],
           [0.2157, 0.2157, 0.2157,  ..., 0.2706, 0.2863, 0.1412],
           [0.2196, 0.2196, 0.2196,  ..., 0.2510, 0.2431, 0.1922],
           ...,
           [0.0706, 0.0784, 0.0824,  ..., 0.0784, 0.0824, 0.0706],
           [0.0706, 0.0784, 0.0784,  ..., 0.0784, 0.0824, 0.0745],
           [0.0667, 0.0745, 0.0745,  ..., 0.0784, 0.0824, 0.0745]],

          [[0.1961, 0.1961, 0.2000,  ..., 0.4549, 0.5412, 0.2078],
           [0.2078, 0.2078, 0.2078,  ..., 0.2627, 0.2784, 0.1333],
           [0.2118, 0.2118, 0.2118,  ..., 0.2588, 0.2510, 0.2000],
           ...,
           [0.0706, 0.0784, 0.0784,  ..., 0.0627, 0.0667, 0.0549],
           [0.0706, 0.0784, 0.0745,  ..., 0.0627, 0.0667, 0.0588],
           [0.0667, 0.0745, 0.0706,  ..., 0.0627, 0.0667, 0.0588]],

          [[0.3137, 0.3137, 0.3176,  ..., 0.5412, 0.6275, 0.2941],
           [0.3255, 0.3255, 0.3255,  ..., 0.3490, 0.3647, 0.2196],
           [0.3294, 0.3294, 0.3294,  ..., 0.3529, 0.3451, 0.2941],
           ...,
           [0.1647, 0.1725, 0.1804,  ..., 0.1765, 0.1804, 0.1686],
           [0.1647, 0.1725, 0.1765,  ..., 0.1765, 0.1804, 0.1725],
           [0.1608, 0.1686, 0.1725,  ..., 0.1765, 0.1804, 0.1725]]],


         [[[0.2078, 0.2078, 0.2039,  ..., 0.4745, 0.5529, 0.2118],
           [0.2157, 0.2196, 0.2118,  ..., 0.2627, 0.2902, 0.1569],
           [0.2157, 0.2196, 0.2196,  ..., 0.2549, 0.2549, 0.2118],
           ...,
           [0.0627, 0.0745, 0.0784,  ..., 0.0824, 0.0784, 0.0745],
           [0.0706, 0.0824, 0.0863,  ..., 0.0784, 0.0784, 0.0706],
           [0.0706, 0.0863, 0.0902,  ..., 0.0784, 0.0745, 0.0706]],

          [[0.1961, 0.1961, 0.1961,  ..., 0.4627, 0.5412, 0.2000],
           [0.2039, 0.2078, 0.2039,  ..., 0.2510, 0.2745, 0.1451],
           [0.2078, 0.2118, 0.2118,  ..., 0.2549, 0.2431, 0.2000],
           ...,
           [0.0588, 0.0706, 0.0706,  ..., 0.0667, 0.0667, 0.0627],
           [0.0588, 0.0706, 0.0706,  ..., 0.0667, 0.0667, 0.0588],
           [0.0588, 0.0745, 0.0745,  ..., 0.0667, 0.0627, 0.0588]],

          [[0.2980, 0.2980, 0.3098,  ..., 0.5608, 0.6275, 0.2863],
           [0.3059, 0.3098, 0.3176,  ..., 0.3490, 0.3725, 0.2314],
           [0.3216, 0.3255, 0.3255,  ..., 0.3490, 0.3412, 0.2980],
           ...,
           [0.1608, 0.1725, 0.1843,  ..., 0.1804, 0.1686, 0.1647],
           [0.1608, 0.1725, 0.1843,  ..., 0.1686, 0.1686, 0.1608],
           [0.1608, 0.1765, 0.1882,  ..., 0.1686, 0.1647, 0.1608]]],


         [[[0.2039, 0.2078, 0.2078,  ..., 0.4784, 0.5490, 0.2235],
           [0.2157, 0.2157, 0.2196,  ..., 0.2745, 0.2902, 0.1412],
           [0.2118, 0.2157, 0.2157,  ..., 0.2510, 0.2235, 0.1882],
           ...,
           [0.0667, 0.0784, 0.0784,  ..., 0.0824, 0.0784, 0.0745],
           [0.0627, 0.0706, 0.0745,  ..., 0.0824, 0.0784, 0.0745],
           [0.0549, 0.0667, 0.0706,  ..., 0.0784, 0.0784, 0.0784]],

          [[0.2039, 0.2078, 0.2078,  ..., 0.4667, 0.5373, 0.2118],
           [0.2118, 0.2157, 0.2157,  ..., 0.2667, 0.2784, 0.1333],
           [0.2157, 0.2196, 0.2196,  ..., 0.2667, 0.2392, 0.2039],
           ...,
           [0.0627, 0.0745, 0.0706,  ..., 0.0667, 0.0627, 0.0588],
           [0.0588, 0.0667, 0.0667,  ..., 0.0667, 0.0627, 0.0588],
           [0.0510, 0.0627, 0.0627,  ..., 0.0627, 0.0627, 0.0627]],

          [[0.2980, 0.3020, 0.3020,  ..., 0.5529, 0.6235, 0.2980],
           [0.3137, 0.3098, 0.3176,  ..., 0.3529, 0.3765, 0.2196],
           [0.3255, 0.3216, 0.3294,  ..., 0.3608, 0.3373, 0.2980],
           ...,
           [0.1647, 0.1765, 0.1843,  ..., 0.1804, 0.1765, 0.1725],
           [0.1608, 0.1686, 0.1804,  ..., 0.1804, 0.1765, 0.1725],
           [0.1529, 0.1647, 0.1765,  ..., 0.1765, 0.1765, 0.1765]]]],



        [[[[0.1373, 0.1373, 0.1373,  ..., 0.1765, 0.1765, 0.1804],
           [0.1412, 0.1451, 0.1451,  ..., 0.1843, 0.1765, 0.1725],
           [0.1412, 0.1451, 0.1490,  ..., 0.1765, 0.1765, 0.1725],
           ...,
           [0.0549, 0.0667, 0.0627,  ..., 0.0784, 0.0784, 0.0706],
           [0.0588, 0.0667, 0.0667,  ..., 0.0784, 0.0784, 0.0784],
           [0.0588, 0.0667, 0.0627,  ..., 0.0784, 0.0784, 0.0824]],

          [[0.1412, 0.1412, 0.1412,  ..., 0.1765, 0.1804, 0.1843],
           [0.1451, 0.1490, 0.1490,  ..., 0.1843, 0.1804, 0.1765],
           [0.1451, 0.1490, 0.1529,  ..., 0.1765, 0.1804, 0.1765],
           ...,
           [0.0471, 0.0588, 0.0549,  ..., 0.0706, 0.0706, 0.0627],
           [0.0510, 0.0588, 0.0588,  ..., 0.0706, 0.0706, 0.0706],
           [0.0510, 0.0588, 0.0549,  ..., 0.0706, 0.0706, 0.0745]],

          [[0.2196, 0.2196, 0.2196,  ..., 0.2706, 0.2627, 0.2667],
           [0.2235, 0.2275, 0.2275,  ..., 0.2784, 0.2627, 0.2588],
           [0.2275, 0.2314, 0.2353,  ..., 0.2706, 0.2627, 0.2588],
           ...,
           [0.1333, 0.1451, 0.1412,  ..., 0.1843, 0.1843, 0.1765],
           [0.1373, 0.1451, 0.1451,  ..., 0.1843, 0.1843, 0.1843],
           [0.1373, 0.1451, 0.1412,  ..., 0.1843, 0.1843, 0.1882]]],


         [[[0.1373, 0.1333, 0.1333,  ..., 0.1765, 0.1765, 0.1804],
           [0.1451, 0.1412, 0.1412,  ..., 0.1804, 0.1765, 0.1765],
           [0.1451, 0.1451, 0.1490,  ..., 0.1804, 0.1804, 0.1804],
           ...,
           [0.0627, 0.0627, 0.0627,  ..., 0.0784, 0.0784, 0.0784],
           [0.0667, 0.0667, 0.0667,  ..., 0.0784, 0.0784, 0.0784],
           [0.0667, 0.0667, 0.0706,  ..., 0.0824, 0.0824, 0.0824]],

          [[0.1490, 0.1451, 0.1412,  ..., 0.1765, 0.1804, 0.1843],
           [0.1529, 0.1490, 0.1451,  ..., 0.1804, 0.1804, 0.1804],
           [0.1490, 0.1490, 0.1529,  ..., 0.1804, 0.1843, 0.1843],
           ...,
           [0.0549, 0.0549, 0.0549,  ..., 0.0627, 0.0667, 0.0667],
           [0.0588, 0.0588, 0.0588,  ..., 0.0667, 0.0667, 0.0667],
           [0.0588, 0.0588, 0.0627,  ..., 0.0706, 0.0706, 0.0706]],

          [[0.2078, 0.2039, 0.2118,  ..., 0.2706, 0.2627, 0.2667],
           [0.2235, 0.2196, 0.2235,  ..., 0.2745, 0.2627, 0.2627],
           [0.2314, 0.2314, 0.2353,  ..., 0.2745, 0.2667, 0.2667],
           ...,
           [0.1333, 0.1333, 0.1333,  ..., 0.1765, 0.1686, 0.1686],
           [0.1373, 0.1373, 0.1373,  ..., 0.1686, 0.1686, 0.1686],
           [0.1373, 0.1373, 0.1412,  ..., 0.1725, 0.1725, 0.1725]]],


         [[[0.1333, 0.1333, 0.1333,  ..., 0.1765, 0.1804, 0.1843],
           [0.1451, 0.1451, 0.1451,  ..., 0.1804, 0.1804, 0.1804],
           [0.1451, 0.1451, 0.1451,  ..., 0.1843, 0.1922, 0.1882],
           ...,
           [0.0627, 0.0627, 0.0667,  ..., 0.0706, 0.0706, 0.0745],
           [0.0588, 0.0627, 0.0667,  ..., 0.0745, 0.0745, 0.0784],
           [0.0549, 0.0627, 0.0667,  ..., 0.0784, 0.0784, 0.0784]],

          [[0.1373, 0.1373, 0.1373,  ..., 0.1765, 0.1804, 0.1843],
           [0.1490, 0.1490, 0.1490,  ..., 0.1804, 0.1804, 0.1804],
           [0.1451, 0.1451, 0.1451,  ..., 0.1843, 0.1804, 0.1765],
           ...,
           [0.0549, 0.0549, 0.0588,  ..., 0.0627, 0.0627, 0.0667],
           [0.0510, 0.0549, 0.0588,  ..., 0.0667, 0.0667, 0.0706],
           [0.0471, 0.0549, 0.0588,  ..., 0.0706, 0.0706, 0.0706]],

          [[0.2196, 0.2196, 0.2196,  ..., 0.2706, 0.2745, 0.2784],
           [0.2314, 0.2314, 0.2314,  ..., 0.2745, 0.2745, 0.2745],
           [0.2392, 0.2392, 0.2392,  ..., 0.2784, 0.2784, 0.2745],
           ...,
           [0.1333, 0.1333, 0.1373,  ..., 0.1804, 0.1765, 0.1804],
           [0.1294, 0.1333, 0.1373,  ..., 0.1843, 0.1843, 0.1882],
           [0.1255, 0.1333, 0.1373,  ..., 0.1882, 0.1882, 0.1882]]],


         [[[0.1294, 0.1333, 0.1412,  ..., 0.1843, 0.1882, 0.2000],
           [0.1373, 0.1373, 0.1490,  ..., 0.1922, 0.1882, 0.1922],
           [0.1451, 0.1490, 0.1490,  ..., 0.1804, 0.1765, 0.1765],
           ...,
           [0.0627, 0.0627, 0.0627,  ..., 0.0706, 0.0745, 0.0745],
           [0.0627, 0.0627, 0.0627,  ..., 0.0706, 0.0784, 0.0784],
           [0.0627, 0.0627, 0.0627,  ..., 0.0745, 0.0824, 0.0863]],

          [[0.1451, 0.1490, 0.1451,  ..., 0.1725, 0.1765, 0.1882],
           [0.1529, 0.1529, 0.1529,  ..., 0.1804, 0.1765, 0.1804],
           [0.1490, 0.1529, 0.1490,  ..., 0.1804, 0.1765, 0.1765],
           ...,
           [0.0549, 0.0549, 0.0549,  ..., 0.0627, 0.0588, 0.0588],
           [0.0549, 0.0549, 0.0549,  ..., 0.0627, 0.0627, 0.0627],
           [0.0549, 0.0549, 0.0549,  ..., 0.0667, 0.0667, 0.0706]],

          [[0.2196, 0.2235, 0.2275,  ..., 0.2706, 0.2745, 0.2863],
           [0.2275, 0.2275, 0.2353,  ..., 0.2784, 0.2745, 0.2784],
           [0.2314, 0.2353, 0.2431,  ..., 0.2745, 0.2706, 0.2706],
           ...,
           [0.1333, 0.1333, 0.1333,  ..., 0.1765, 0.1725, 0.1725],
           [0.1333, 0.1333, 0.1333,  ..., 0.1765, 0.1765, 0.1765],
           [0.1333, 0.1333, 0.1333,  ..., 0.1804, 0.1804, 0.1843]]]]])]
[DEBUG] Training Batch 2: Batch size: 2
[DEBUG] Batch 2 data type: <class 'list'>
[DEBUG] Element 0 type: <class 'int'>
[DEBUG] Element 0 is of unrecognized type: <class 'int'>
[DEBUG] Element 1 type: <class 'list'>
[DEBUG] Element 1 is a list with length: 2
[DEBUG] First 3 elements of list element 1: [tensor([[[[[0.1765, 0.1765, 0.1725,  ..., 0.1569, 0.1529, 0.1529],
           [0.1804, 0.1804, 0.1804,  ..., 0.1608, 0.1569, 0.1569],
           [0.1804, 0.1843, 0.1843,  ..., 0.1686, 0.1647, 0.1647],
           ...,
           [0.1294, 0.1451, 0.1569,  ..., 0.0549, 0.0510, 0.1216],
           [0.1373, 0.1529, 0.1608,  ..., 0.0549, 0.0510, 0.1176],
           [0.1647, 0.1569, 0.1412,  ..., 0.0510, 0.0510, 0.1176]],

          [[0.1686, 0.1686, 0.1647,  ..., 0.1725, 0.1686, 0.1686],
           [0.1725, 0.1725, 0.1725,  ..., 0.1765, 0.1725, 0.1725],
           [0.1725, 0.1765, 0.1765,  ..., 0.1804, 0.1765, 0.1765],
           ...,
           [0.1647, 0.1804, 0.1922,  ..., 0.0706, 0.0627, 0.1373],
           [0.1647, 0.1804, 0.1882,  ..., 0.0706, 0.0667, 0.1373],
           [0.1922, 0.1843, 0.1725,  ..., 0.0667, 0.0667, 0.1373]],

          [[0.2863, 0.2863, 0.2784,  ..., 0.2706, 0.2667, 0.2667],
           [0.2902, 0.2902, 0.2863,  ..., 0.2745, 0.2706, 0.2706],
           [0.2902, 0.2941, 0.2902,  ..., 0.2902, 0.2863, 0.2863],
           ...,
           [0.2980, 0.3137, 0.3255,  ..., 0.1686, 0.1725, 0.2471],
           [0.2941, 0.3098, 0.3176,  ..., 0.1647, 0.1647, 0.2353],
           [0.3216, 0.3137, 0.2902,  ..., 0.1608, 0.1647, 0.2353]]],


         [[[0.1686, 0.1686, 0.1647,  ..., 0.1608, 0.1608, 0.1608],
           [0.1725, 0.1725, 0.1725,  ..., 0.1686, 0.1686, 0.1686],
           [0.1843, 0.1804, 0.1804,  ..., 0.1647, 0.1647, 0.1647],
           ...,
           [0.1529, 0.1529, 0.1608,  ..., 0.0588, 0.0549, 0.1333],
           [0.1216, 0.1529, 0.1608,  ..., 0.0549, 0.0471, 0.1255],
           [0.1608, 0.1569, 0.1373,  ..., 0.0549, 0.0549, 0.1255]],

          [[0.1647, 0.1647, 0.1608,  ..., 0.1686, 0.1686, 0.1686],
           [0.1686, 0.1686, 0.1686,  ..., 0.1765, 0.1765, 0.1765],
           [0.1804, 0.1765, 0.1765,  ..., 0.1686, 0.1686, 0.1686],
           ...,
           [0.1882, 0.1922, 0.1961,  ..., 0.0627, 0.0667, 0.1451],
           [0.1569, 0.1882, 0.1843,  ..., 0.0588, 0.0588, 0.1373],
           [0.1961, 0.1922, 0.1647,  ..., 0.0588, 0.0588, 0.1373]],

          [[0.2667, 0.2667, 0.2627,  ..., 0.2627, 0.2627, 0.2627],
           [0.2706, 0.2706, 0.2706,  ..., 0.2706, 0.2706, 0.2706],
           [0.2824, 0.2784, 0.2784,  ..., 0.2706, 0.2706, 0.2706],
           ...,
           [0.3333, 0.3255, 0.3294,  ..., 0.1647, 0.1765, 0.2549],
           [0.2902, 0.3216, 0.3216,  ..., 0.1608, 0.1686, 0.2471],
           [0.3294, 0.3255, 0.2941,  ..., 0.1608, 0.1686, 0.2471]]],


         [[[0.1686, 0.1647, 0.1608,  ..., 0.1569, 0.1647, 0.1608],
           [0.1765, 0.1725, 0.1725,  ..., 0.1608, 0.1647, 0.1608],
           [0.1843, 0.1804, 0.1804,  ..., 0.1686, 0.1725, 0.1647],
           ...,
           [0.1333, 0.1529, 0.1608,  ..., 0.0627, 0.0627, 0.1255],
           [0.1412, 0.1608, 0.1647,  ..., 0.0588, 0.0627, 0.1216],
           [0.1686, 0.1608, 0.1412,  ..., 0.0588, 0.0667, 0.1255]],

          [[0.1647, 0.1608, 0.1569,  ..., 0.1608, 0.1686, 0.1647],
           [0.1725, 0.1686, 0.1686,  ..., 0.1647, 0.1686, 0.1647],
           [0.1804, 0.1765, 0.1765,  ..., 0.1725, 0.1765, 0.1686],
           ...,
           [0.1647, 0.1882, 0.1961,  ..., 0.0706, 0.0667, 0.1412],
           [0.1647, 0.1843, 0.1882,  ..., 0.0667, 0.0667, 0.1373],
           [0.1922, 0.1843, 0.1608,  ..., 0.0667, 0.0706, 0.1412]],

          [[0.2667, 0.2627, 0.2588,  ..., 0.2627, 0.2706, 0.2667],
           [0.2745, 0.2706, 0.2706,  ..., 0.2667, 0.2706, 0.2667],
           [0.2824, 0.2784, 0.2784,  ..., 0.2824, 0.2863, 0.2784],
           ...,
           [0.3098, 0.3216, 0.3294,  ..., 0.1647, 0.1686, 0.2392],
           [0.3020, 0.3216, 0.3255,  ..., 0.1608, 0.1686, 0.2353],
           [0.3294, 0.3216, 0.2902,  ..., 0.1608, 0.1725, 0.2392]]],


         [[[0.1647, 0.1686, 0.1686,  ..., 0.1569, 0.1569, 0.1569],
           [0.1725, 0.1765, 0.1765,  ..., 0.1647, 0.1647, 0.1608],
           [0.1765, 0.1765, 0.1804,  ..., 0.1725, 0.1765, 0.1686],
           ...,
           [0.1294, 0.1451, 0.1569,  ..., 0.0667, 0.0588, 0.1333],
           [0.1333, 0.1490, 0.1647,  ..., 0.0706, 0.0588, 0.1333],
           [0.1608, 0.1490, 0.1373,  ..., 0.0706, 0.0706, 0.1333]],

          [[0.1608, 0.1647, 0.1647,  ..., 0.1608, 0.1608, 0.1608],
           [0.1686, 0.1725, 0.1725,  ..., 0.1686, 0.1686, 0.1647],
           [0.1725, 0.1725, 0.1765,  ..., 0.1765, 0.1804, 0.1725],
           ...,
           [0.1686, 0.1882, 0.1922,  ..., 0.0627, 0.0627, 0.1373],
           [0.1686, 0.1882, 0.1922,  ..., 0.0667, 0.0627, 0.1373],
           [0.2000, 0.1882, 0.1686,  ..., 0.0706, 0.0627, 0.1373]],

          [[0.2627, 0.2667, 0.2667,  ..., 0.2627, 0.2627, 0.2627],
           [0.2706, 0.2745, 0.2745,  ..., 0.2706, 0.2706, 0.2667],
           [0.2745, 0.2745, 0.2784,  ..., 0.2863, 0.2902, 0.2824],
           ...,
           [0.3020, 0.3137, 0.3255,  ..., 0.1647, 0.1725, 0.2471],
           [0.2980, 0.3059, 0.3216,  ..., 0.1686, 0.1725, 0.2471],
           [0.3176, 0.3059, 0.2863,  ..., 0.1647, 0.1765, 0.2471]]]],



        [[[[0.1412, 0.1725, 0.1569,  ..., 0.1882, 0.2000, 0.2118],
           [0.2471, 0.1294, 0.1608,  ..., 0.1961, 0.1961, 0.2000],
           [0.4392, 0.3137, 0.1725,  ..., 0.2000, 0.1961, 0.1922],
           ...,
           [0.0627, 0.0706, 0.0706,  ..., 0.0784, 0.0784, 0.0745],
           [0.0588, 0.0706, 0.0745,  ..., 0.0784, 0.0784, 0.0745],
           [0.0588, 0.0745, 0.0784,  ..., 0.0784, 0.0784, 0.0745]],

          [[0.1451, 0.1765, 0.1608,  ..., 0.1843, 0.1961, 0.2078],
           [0.2510, 0.1333, 0.1647,  ..., 0.1922, 0.1922, 0.1961],
           [0.4431, 0.3176, 0.1765,  ..., 0.1961, 0.1922, 0.1882],
           ...,
           [0.0588, 0.0667, 0.0627,  ..., 0.0627, 0.0627, 0.0588],
           [0.0549, 0.0667, 0.0667,  ..., 0.0667, 0.0667, 0.0627],
           [0.0549, 0.0706, 0.0706,  ..., 0.0667, 0.0667, 0.0627]],

          [[0.2471, 0.2784, 0.2627,  ..., 0.2863, 0.2980, 0.3098],
           [0.3529, 0.2353, 0.2667,  ..., 0.2941, 0.2941, 0.2980],
           [0.5451, 0.4196, 0.2784,  ..., 0.2980, 0.2941, 0.2902],
           ...,
           [0.1373, 0.1451, 0.1490,  ..., 0.1765, 0.1765, 0.1725],
           [0.1333, 0.1451, 0.1529,  ..., 0.1686, 0.1686, 0.1647],
           [0.1333, 0.1490, 0.1569,  ..., 0.1686, 0.1686, 0.1647]]],


         [[[0.1569, 0.1529, 0.1490,  ..., 0.1922, 0.1961, 0.2000],
           [0.2431, 0.1373, 0.1647,  ..., 0.1961, 0.1961, 0.2000],
           [0.4235, 0.3255, 0.1725,  ..., 0.2039, 0.2000, 0.1961],
           ...,
           [0.0667, 0.0706, 0.0706,  ..., 0.0706, 0.0706, 0.0706],
           [0.0627, 0.0706, 0.0745,  ..., 0.0667, 0.0706, 0.0745],
           [0.0627, 0.0706, 0.0745,  ..., 0.0745, 0.0745, 0.0745]],

          [[0.1647, 0.1608, 0.1529,  ..., 0.1882, 0.1961, 0.2000],
           [0.2510, 0.1451, 0.1686,  ..., 0.1922, 0.1961, 0.2000],
           [0.4275, 0.3294, 0.1765,  ..., 0.2000, 0.1961, 0.1922],
           ...,
           [0.0588, 0.0627, 0.0627,  ..., 0.0627, 0.0627, 0.0627],
           [0.0549, 0.0627, 0.0667,  ..., 0.0588, 0.0627, 0.0667],
           [0.0549, 0.0627, 0.0667,  ..., 0.0667, 0.0667, 0.0667]],

          [[0.2588, 0.2549, 0.2549,  ..., 0.2902, 0.2902, 0.2941],
           [0.3451, 0.2392, 0.2706,  ..., 0.2941, 0.2902, 0.2941],
           [0.5294, 0.4314, 0.2784,  ..., 0.3020, 0.2980, 0.2941],
           ...,
           [0.1451, 0.1490, 0.1490,  ..., 0.1765, 0.1765, 0.1765],
           [0.1412, 0.1490, 0.1529,  ..., 0.1725, 0.1765, 0.1804],
           [0.1412, 0.1490, 0.1529,  ..., 0.1804, 0.1804, 0.1804]]],


         [[[0.1490, 0.1608, 0.1608,  ..., 0.1882, 0.1961, 0.2078],
           [0.2314, 0.1373, 0.1725,  ..., 0.1961, 0.2000, 0.2039],
           [0.4353, 0.3255, 0.1686,  ..., 0.2000, 0.1882, 0.1882],
           ...,
           [0.0706, 0.0784, 0.0784,  ..., 0.0824, 0.0784, 0.0784],
           [0.0706, 0.0784, 0.0784,  ..., 0.0784, 0.0784, 0.0784],
           [0.0706, 0.0745, 0.0784,  ..., 0.0863, 0.0824, 0.0784]],

          [[0.1608, 0.1725, 0.1725,  ..., 0.1843, 0.1922, 0.2039],
           [0.2392, 0.1490, 0.1804,  ..., 0.1922, 0.1961, 0.2000],
           [0.4392, 0.3333, 0.1725,  ..., 0.1961, 0.1922, 0.1922],
           ...,
           [0.0667, 0.0745, 0.0706,  ..., 0.0667, 0.0627, 0.0627],
           [0.0667, 0.0745, 0.0706,  ..., 0.0627, 0.0627, 0.0627],
           [0.0667, 0.0706, 0.0706,  ..., 0.0706, 0.0667, 0.0627]],

          [[0.2431, 0.2549, 0.2549,  ..., 0.2863, 0.2941, 0.3059],
           [0.3333, 0.2314, 0.2745,  ..., 0.2941, 0.2980, 0.3020],
           [0.5412, 0.4275, 0.2745,  ..., 0.2980, 0.2941, 0.2941],
           ...,
           [0.1451, 0.1529, 0.1569,  ..., 0.1804, 0.1765, 0.1765],
           [0.1451, 0.1529, 0.1569,  ..., 0.1765, 0.1765, 0.1765],
           [0.1451, 0.1490, 0.1569,  ..., 0.1843, 0.1804, 0.1765]]],


         [[[0.1333, 0.1569, 0.1529,  ..., 0.1804, 0.2039, 0.2078],
           [0.2471, 0.1412, 0.1569,  ..., 0.1882, 0.2078, 0.2118],
           [0.4157, 0.3216, 0.1608,  ..., 0.1922, 0.2078, 0.2039],
           ...,
           [0.0627, 0.0706, 0.0706,  ..., 0.0824, 0.0824, 0.0784],
           [0.0588, 0.0706, 0.0706,  ..., 0.0784, 0.0784, 0.0745],
           [0.0667, 0.0745, 0.0784,  ..., 0.0824, 0.0745, 0.0706]],

          [[0.1490, 0.1725, 0.1686,  ..., 0.1882, 0.1922, 0.1961],
           [0.2627, 0.1569, 0.1725,  ..., 0.1961, 0.1961, 0.2000],
           [0.4314, 0.3373, 0.1765,  ..., 0.1961, 0.1961, 0.1922],
           ...,
           [0.0549, 0.0627, 0.0627,  ..., 0.0667, 0.0706, 0.0667],
           [0.0510, 0.0627, 0.0627,  ..., 0.0627, 0.0667, 0.0627],
           [0.0588, 0.0667, 0.0706,  ..., 0.0667, 0.0627, 0.0588]],

          [[0.2431, 0.2667, 0.2627,  ..., 0.2824, 0.2902, 0.2941],
           [0.3569, 0.2510, 0.2667,  ..., 0.2902, 0.2941, 0.2980],
           [0.5294, 0.4353, 0.2745,  ..., 0.2980, 0.2941, 0.2902],
           ...,
           [0.1412, 0.1490, 0.1490,  ..., 0.1804, 0.1725, 0.1686],
           [0.1373, 0.1490, 0.1490,  ..., 0.1765, 0.1686, 0.1647],
           [0.1451, 0.1529, 0.1569,  ..., 0.1804, 0.1647, 0.1608]]]]]), tensor([[[[[0.1686, 0.1686, 0.1686,  ..., 0.1529, 0.1569, 0.1529],
           [0.1765, 0.1765, 0.1765,  ..., 0.1608, 0.1647, 0.1608],
           [0.1804, 0.1804, 0.1843,  ..., 0.1647, 0.1725, 0.1686],
           ...,
           [0.1373, 0.1451, 0.1529,  ..., 0.0627, 0.0549, 0.1294],
           [0.1529, 0.1647, 0.1608,  ..., 0.0588, 0.0510, 0.1216],
           [0.1725, 0.1725, 0.1490,  ..., 0.0627, 0.0627, 0.1255]],

          [[0.1608, 0.1608, 0.1608,  ..., 0.1686, 0.1608, 0.1569],
           [0.1686, 0.1686, 0.1686,  ..., 0.1765, 0.1686, 0.1647],
           [0.1725, 0.1725, 0.1765,  ..., 0.1765, 0.1765, 0.1725],
           ...,
           [0.1725, 0.1804, 0.1882,  ..., 0.0667, 0.0667, 0.1412],
           [0.1804, 0.1922, 0.1882,  ..., 0.0667, 0.0667, 0.1373],
           [0.2000, 0.2000, 0.1686,  ..., 0.0706, 0.0667, 0.1412]],

          [[0.2745, 0.2745, 0.2745,  ..., 0.2667, 0.2627, 0.2588],
           [0.2824, 0.2824, 0.2824,  ..., 0.2745, 0.2706, 0.2667],
           [0.2863, 0.2863, 0.2902,  ..., 0.2863, 0.2784, 0.2745],
           ...,
           [0.3059, 0.3137, 0.3216,  ..., 0.1686, 0.1765, 0.2510],
           [0.3098, 0.3216, 0.3176,  ..., 0.1608, 0.1647, 0.2353],
           [0.3294, 0.3294, 0.2902,  ..., 0.1647, 0.1686, 0.2392]]],


         [[[0.1569, 0.1569, 0.1608,  ..., 0.1569, 0.1608, 0.1647],
           [0.1686, 0.1686, 0.1686,  ..., 0.1647, 0.1647, 0.1647],
           [0.1725, 0.1725, 0.1725,  ..., 0.1725, 0.1725, 0.1686],
           ...,
           [0.1412, 0.1412, 0.1647,  ..., 0.0706, 0.0627, 0.1333],
           [0.1294, 0.1529, 0.1608,  ..., 0.0784, 0.0588, 0.1255],
           [0.1529, 0.1529, 0.1255,  ..., 0.0824, 0.0588, 0.1216]],

          [[0.1608, 0.1608, 0.1647,  ..., 0.1608, 0.1647, 0.1686],
           [0.1725, 0.1725, 0.1725,  ..., 0.1686, 0.1686, 0.1686],
           [0.1765, 0.1765, 0.1765,  ..., 0.1765, 0.1765, 0.1725],
           ...,
           [0.1804, 0.1804, 0.2000,  ..., 0.0706, 0.0667, 0.1490],
           [0.1686, 0.1922, 0.1961,  ..., 0.0667, 0.0627, 0.1412],
           [0.1922, 0.1922, 0.1608,  ..., 0.0706, 0.0627, 0.1373]],

          [[0.2706, 0.2706, 0.2745,  ..., 0.2706, 0.2667, 0.2706],
           [0.2824, 0.2824, 0.2824,  ..., 0.2784, 0.2706, 0.2706],
           [0.2863, 0.2863, 0.2863,  ..., 0.2863, 0.2863, 0.2824],
           ...,
           [0.3137, 0.3137, 0.3333,  ..., 0.1647, 0.1686, 0.2471],
           [0.3020, 0.3255, 0.3255,  ..., 0.1647, 0.1647, 0.2392],
           [0.3255, 0.3255, 0.2902,  ..., 0.1686, 0.1647, 0.2353]]],


         [[[0.1647, 0.1725, 0.1765,  ..., 0.1608, 0.1647, 0.1647],
           [0.1686, 0.1765, 0.1804,  ..., 0.1686, 0.1686, 0.1686],
           [0.1725, 0.1765, 0.1765,  ..., 0.1725, 0.1686, 0.1725],
           ...,
           [0.1333, 0.1333, 0.1490,  ..., 0.0667, 0.0588, 0.1255],
           [0.1255, 0.1490, 0.1608,  ..., 0.0627, 0.0510, 0.1255],
           [0.1608, 0.1451, 0.1333,  ..., 0.0627, 0.0549, 0.1255]],

          [[0.1647, 0.1725, 0.1765,  ..., 0.1686, 0.1725, 0.1725],
           [0.1686, 0.1765, 0.1804,  ..., 0.1765, 0.1765, 0.1765],
           [0.1686, 0.1725, 0.1725,  ..., 0.1765, 0.1725, 0.1765],
           ...,
           [0.1725, 0.1725, 0.1843,  ..., 0.0706, 0.0745, 0.1451],
           [0.1686, 0.1922, 0.1961,  ..., 0.0667, 0.0667, 0.1412],
           [0.2039, 0.1882, 0.1725,  ..., 0.0667, 0.0706, 0.1412]],

          [[0.2588, 0.2667, 0.2706,  ..., 0.2627, 0.2667, 0.2667],
           [0.2627, 0.2706, 0.2745,  ..., 0.2706, 0.2706, 0.2706],
           [0.2706, 0.2745, 0.2745,  ..., 0.2784, 0.2745, 0.2784],
           ...,
           [0.3059, 0.3059, 0.3176,  ..., 0.1725, 0.1725, 0.2431],
           [0.2941, 0.3176, 0.3255,  ..., 0.1686, 0.1647, 0.2392],
           [0.3294, 0.3137, 0.2902,  ..., 0.1686, 0.1686, 0.2392]]],


         [[[0.1686, 0.1686, 0.1686,  ..., 0.1608, 0.1647, 0.1686],
           [0.1725, 0.1765, 0.1765,  ..., 0.1686, 0.1686, 0.1725],
           [0.1765, 0.1804, 0.1804,  ..., 0.1725, 0.1725, 0.1765],
           ...,
           [0.1412, 0.1412, 0.1529,  ..., 0.0745, 0.0667, 0.1373],
           [0.1294, 0.1529, 0.1647,  ..., 0.0706, 0.0588, 0.1333],
           [0.1765, 0.1569, 0.1451,  ..., 0.0706, 0.0627, 0.1373]],

          [[0.1608, 0.1608, 0.1608,  ..., 0.1647, 0.1686, 0.1725],
           [0.1647, 0.1686, 0.1686,  ..., 0.1725, 0.1725, 0.1765],
           [0.1686, 0.1725, 0.1725,  ..., 0.1765, 0.1765, 0.1804],
           ...,
           [0.1765, 0.1765, 0.1882,  ..., 0.0706, 0.0706, 0.1412],
           [0.1569, 0.1804, 0.1922,  ..., 0.0706, 0.0627, 0.1373],
           [0.2039, 0.1843, 0.1647,  ..., 0.0706, 0.0667, 0.1412]],

          [[0.2745, 0.2745, 0.2745,  ..., 0.2667, 0.2706, 0.2745],
           [0.2784, 0.2824, 0.2824,  ..., 0.2745, 0.2745, 0.2784],
           [0.2824, 0.2863, 0.2863,  ..., 0.2863, 0.2784, 0.2824],
           ...,
           [0.3098, 0.3098, 0.3216,  ..., 0.1725, 0.1804, 0.2510],
           [0.2863, 0.3098, 0.3216,  ..., 0.1647, 0.1647, 0.2392],
           [0.3333, 0.3137, 0.2863,  ..., 0.1647, 0.1686, 0.2431]]]],



        [[[[0.1373, 0.1569, 0.1373,  ..., 0.1804, 0.1804, 0.1843],
           [0.2353, 0.1176, 0.1725,  ..., 0.1843, 0.1843, 0.1882],
           [0.4275, 0.3059, 0.1843,  ..., 0.1882, 0.1882, 0.1843],
           ...,
           [0.0706, 0.0706, 0.0745,  ..., 0.0824, 0.0824, 0.0824],
           [0.0667, 0.0706, 0.0745,  ..., 0.0784, 0.0784, 0.0824],
           [0.0784, 0.0745, 0.0784,  ..., 0.0784, 0.0784, 0.0863]],

          [[0.1529, 0.1725, 0.1529,  ..., 0.1843, 0.1843, 0.1882],
           [0.2510, 0.1333, 0.1882,  ..., 0.1882, 0.1882, 0.1922],
           [0.4431, 0.3216, 0.1961,  ..., 0.1922, 0.1922, 0.1882],
           ...,
           [0.0588, 0.0588, 0.0627,  ..., 0.0667, 0.0667, 0.0667],
           [0.0549, 0.0588, 0.0627,  ..., 0.0588, 0.0627, 0.0667],
           [0.0667, 0.0627, 0.0667,  ..., 0.0588, 0.0627, 0.0706]],

          [[0.2510, 0.2706, 0.2510,  ..., 0.2863, 0.2863, 0.2902],
           [0.3490, 0.2314, 0.2863,  ..., 0.2902, 0.2902, 0.2941],
           [0.5412, 0.4196, 0.3059,  ..., 0.3020, 0.2941, 0.2902],
           ...,
           [0.1451, 0.1451, 0.1490,  ..., 0.1804, 0.1804, 0.1804],
           [0.1412, 0.1451, 0.1490,  ..., 0.1804, 0.1765, 0.1804],
           [0.1529, 0.1490, 0.1529,  ..., 0.1804, 0.1765, 0.1843]]],


         [[[0.1529, 0.1725, 0.1569,  ..., 0.2039, 0.2039, 0.2078],
           [0.2392, 0.1451, 0.1608,  ..., 0.2078, 0.2078, 0.2078],
           [0.4314, 0.3216, 0.1608,  ..., 0.2078, 0.2039, 0.2039],
           ...,
           [0.0667, 0.0667, 0.0706,  ..., 0.0784, 0.0745, 0.0706],
           [0.0627, 0.0667, 0.0706,  ..., 0.0745, 0.0706, 0.0706],
           [0.0706, 0.0745, 0.0745,  ..., 0.0784, 0.0784, 0.0784]],

          [[0.1608, 0.1804, 0.1647,  ..., 0.1922, 0.1922, 0.1961],
           [0.2471, 0.1529, 0.1686,  ..., 0.1961, 0.1961, 0.1961],
           [0.4392, 0.3294, 0.1647,  ..., 0.1961, 0.1922, 0.1922],
           ...,
           [0.0588, 0.0588, 0.0588,  ..., 0.0667, 0.0627, 0.0588],
           [0.0549, 0.0588, 0.0627,  ..., 0.0627, 0.0588, 0.0588],
           [0.0627, 0.0667, 0.0667,  ..., 0.0667, 0.0667, 0.0667]],

          [[0.2549, 0.2745, 0.2588,  ..., 0.2941, 0.2941, 0.2980],
           [0.3412, 0.2471, 0.2627,  ..., 0.2980, 0.2980, 0.2980],
           [0.5333, 0.4235, 0.2667,  ..., 0.2980, 0.2941, 0.2941],
           ...,
           [0.1451, 0.1451, 0.1569,  ..., 0.1686, 0.1608, 0.1569],
           [0.1412, 0.1451, 0.1490,  ..., 0.1647, 0.1569, 0.1569],
           [0.1490, 0.1529, 0.1529,  ..., 0.1686, 0.1647, 0.1647]]],


         [[[0.1529, 0.1725, 0.1412,  ..., 0.1843, 0.2039, 0.2157],
           [0.2353, 0.1412, 0.1647,  ..., 0.1922, 0.2039, 0.2118],
           [0.4392, 0.3020, 0.1647,  ..., 0.1961, 0.1961, 0.1961],
           ...,
           [0.0667, 0.0706, 0.0745,  ..., 0.0745, 0.0745, 0.0784],
           [0.0667, 0.0706, 0.0706,  ..., 0.0784, 0.0745, 0.0745],
           [0.0745, 0.0745, 0.0667,  ..., 0.0863, 0.0784, 0.0745]],

          [[0.1569, 0.1765, 0.1529,  ..., 0.1804, 0.1922, 0.2039],
           [0.2392, 0.1451, 0.1765,  ..., 0.1882, 0.1922, 0.2000],
           [0.4510, 0.3137, 0.1765,  ..., 0.1922, 0.1922, 0.1922],
           ...,
           [0.0588, 0.0627, 0.0667,  ..., 0.0588, 0.0627, 0.0667],
           [0.0588, 0.0627, 0.0627,  ..., 0.0627, 0.0627, 0.0627],
           [0.0667, 0.0667, 0.0588,  ..., 0.0706, 0.0667, 0.0627]],

          [[0.2667, 0.2863, 0.2627,  ..., 0.2824, 0.2902, 0.3020],
           [0.3490, 0.2549, 0.2863,  ..., 0.2902, 0.2902, 0.2980],
           [0.5608, 0.4235, 0.2863,  ..., 0.2941, 0.2941, 0.2941],
           ...,
           [0.1451, 0.1490, 0.1529,  ..., 0.1725, 0.1647, 0.1686],
           [0.1451, 0.1490, 0.1490,  ..., 0.1765, 0.1647, 0.1647],
           [0.1529, 0.1529, 0.1451,  ..., 0.1843, 0.1686, 0.1647]]],


         [[[0.1412, 0.1725, 0.1569,  ..., 0.1961, 0.2000, 0.2118],
           [0.2549, 0.1294, 0.1608,  ..., 0.2000, 0.2039, 0.2078],
           [0.4353, 0.3176, 0.1686,  ..., 0.2078, 0.2039, 0.2039],
           ...,
           [0.0588, 0.0706, 0.0745,  ..., 0.0706, 0.0706, 0.0706],
           [0.0627, 0.0745, 0.0745,  ..., 0.0667, 0.0627, 0.0627],
           [0.0667, 0.0745, 0.0745,  ..., 0.0745, 0.0706, 0.0667]],

          [[0.1451, 0.1765, 0.1608,  ..., 0.1843, 0.1882, 0.2000],
           [0.2588, 0.1333, 0.1647,  ..., 0.1882, 0.1922, 0.1961],
           [0.4392, 0.3216, 0.1725,  ..., 0.1961, 0.1922, 0.1922],
           ...,
           [0.0471, 0.0588, 0.0627,  ..., 0.0627, 0.0627, 0.0627],
           [0.0510, 0.0627, 0.0627,  ..., 0.0588, 0.0549, 0.0549],
           [0.0549, 0.0627, 0.0627,  ..., 0.0667, 0.0627, 0.0588]],

          [[0.2471, 0.2784, 0.2627,  ..., 0.2863, 0.2902, 0.3020],
           [0.3608, 0.2353, 0.2667,  ..., 0.2902, 0.2941, 0.2980],
           [0.5490, 0.4314, 0.2824,  ..., 0.2980, 0.2941, 0.2941],
           ...,
           [0.1451, 0.1569, 0.1608,  ..., 0.1765, 0.1765, 0.1765],
           [0.1490, 0.1608, 0.1608,  ..., 0.1725, 0.1686, 0.1686],
           [0.1529, 0.1608, 0.1608,  ..., 0.1804, 0.1765, 0.1725]]]]])]
